%Polygon
11 450 0
6  0   0
0  0   300
2  67  300
10 67  90
8  382 90
3  382 300
5  450 300
%Skeleton
0 0 300 1 -1
1 33 255 0 2 7 -1
2 67 300 1 -1
3 382 300 4 -1
4 416 255 3 5 9 -1
5 450 300 4 -1
6 0 0 7 -1
7 33 45 6 1 10 9 -1
8 382 90 9 -1
9 416 45 8 4 11 7 -1
10 67 90 7 -1
11 450 0 9 -1
%Graph
0 0 1 2 3 4 5 6 7 8 9 10 11 12 13 14 15 16 17 18 -1
0 1 17 18 0 2 3 -1
0 2 1 0 3 -1
0 3 1 2 0 4 5 -1
0 4 3 0 5 -1
0 5 3 4 0 6 7 -1
0 6 5 0 7 -1
0 7 5 6 0 8 9 -1
0 8 7 0 9 -1
0 9 7 8 0 10 11 -1
0 10 9 0 11 -1
0 11 9 10 0 12 13 -1
0 12 11 0 13 -1
0 13 11 12 0 14 15 -1
0 14 13 0 15 -1
0 15 13 14 0 16 17 -1
0 16 15 0 17 -1
0 17 15 16 0 18 1 -1
0 18 17 0 1 -1
%PrelocatedNodes
67  25
146 25
305 25
382 25
34  45
225 45
416 45
67  65
146 65
305 65
382 65
23  100
46  160
405 100
427 160
23  210
46  270
405 210
427 270
%FixedNodes
%EndOfFile
