0 7 1 8 -1
1 0 9 2 -1
2 1 10 3 -1
3 2 11 4 -1
4 3 12 5 -1
5 4 13 6 -1
6 5 14 7 -1
7 6 15 0 -1
8 0 9 15 16 -1
9 1 10 8 17 -1
10 2 11 9 18 -1
11 3 12 10 19 -1
12 4 13 11 20 -1
13 5 14 12 21 -1
14 6 15 13 22 -1
15 7 8 14 23 -1
16 23 8 17 -1
17 16 9 18 -1
18 17 10 19 -1
19 18 11 20 -1
20 19 12 21 -1
21 20 13 22 -1
22 21 14 23 -1
23 22 15 16 -1
-2
340 240
311 311
240 340
169 311
140 240
169 169
240 140
311 169
390 240
346 346
240 390
134 346
90  240
134 134
240 90
346 134
440 240
381 381
240 440
99  381
40  240
99  99
240 40
381 99