0               1  2 -1
1     0     2  3  4  -1
2  0     1     4  5  -1
3     1     4  6  7  -1
4  1  2  3  5  7  8  -1
5  2     4     8  9  -1
6     3     7  10 11 -1
7  3  4  6  8  11 12 -1
8  4  5  7  9  12 13 -1
9  5     8     13 14 -1
10    6     11 15 16 -1
11 6  7  10 12 16 17 -1
12 7  8  11 13 17 18 -1
13 8  9  12 14 18 19 -1
14 9     13    19 20 -1
15    10    16 21 22 -1
16 10 11 15 17 22 23 -1
17 11 12 16 18 23 24 -1
18 12 13 17 19 24 25 -1
19 13 14 18 20 25 26 -1
20 14    19    26 27 -1
21    15    22       -1
22 15 16 21 23       -1
23 16 17 22 24       -1
24 17 18 23 25       -1
25 18 19 24 26       -1
26 19 20 25 27       -1
27 20    26          -1
-2
240 40
215 90
265 90
190 140
240 140
290 140
165 180
215 180
265 180
315 180
140 240
190 240
240 240
290 240
340 240
115 290
165 290
215 290
265 290
315 290
365 290
90  340
140 340
190 340
240 340
290 340
340 340
390 340