0 2 -1 
1 2 -1 
2 0 1 6 -1 
3 5 -1 
4 5 -1 
5 3 4 6 -1 
6 2 5 14 -1 
7 9 -1 
8 9 -1 
9 7 8 13 -1 
10 12 -1 
11 12 -1 
12 10 11 13 -1 
13 9 12 14 -1 
14 6 13 30 -1 
15 17 -1 
16 17 -1 
17 15 16 21 -1 
18 20 -1 
19 20 -1 
20 18 19 21 -1 
21 17 20 29 -1 
22 24 -1 
23 24 -1 
24 22 23 28 -1 
25 27 -1 
26 27 -1 
27 25 26 28 -1 
28 24 27 29 -1 
29 21 28 30 -1 
30 14 29 62 -1 
31 33 -1 
32 33 -1 
33 31 32 37 -1 
34 36 -1 
35 36 -1 
36 34 35 37 -1 
37 33 36 45 -1 
38 40 -1 
39 40 -1 
40 38 39 44 -1 
41 43 -1 
42 43 -1 
43 41 42 44 -1 
44 40 43 45 -1 
45 37 44 61 -1 
46 48 -1 
47 48 -1 
48 46 47 52 -1 
49 51 -1 
50 51 -1 
51 49 50 52 -1 
52 48 51 60 -1 
53 55 -1 
54 55 -1 
55 53 54 59 -1 
56 58 -1 
57 58 -1 
58 56 57 59 -1 
59 55 58 60 -1 
60 52 59 61 -1 
61 45 60 62 -1 
62 30 61 126 -1 
63 65 -1 
64 65 -1 
65 63 64 69 -1 
66 68 -1 
67 68 -1 
68 66 67 69 -1 
69 65 68 77 -1 
70 72 -1 
71 72 -1 
72 70 71 76 -1 
73 75 -1 
74 75 -1 
75 73 74 76 -1 
76 72 75 77 -1 
77 69 76 93 -1 
78 80 -1 
79 80 -1 
80 78 79 84 -1 
81 83 -1 
82 83 -1 
83 81 82 84 -1 
84 80 83 92 -1 
85 87 -1 
86 87 -1 
87 85 86 91 -1 
88 90 -1 
89 90 -1 
90 88 89 91 -1 
91 87 90 92 -1 
92 84 91 93 -1 
93 77 92 125 -1 
94 96 -1 
95 96 -1 
96 94 95 100 -1 
97 99 -1 
98 99 -1 
99 97 98 100 -1 
100 96 99 108 -1 
101 103 -1 
102 103 -1 
103 101 102 107 -1 
104 106 -1 
105 106 -1 
106 104 105 107 -1 
107 103 106 108 -1 
108 100 107 124 -1 
109 111 -1 
110 111 -1 
111 109 110 115 -1 
112 114 -1 
113 114 -1 
114 112 113 115 -1 
115 111 114 123 -1 
116 118 -1 
117 118 -1 
118 116 117 122 -1 
119 121 -1 
120 121 -1 
121 119 120 122 -1 
122 118 121 123 -1 
123 115 122 124 -1 
124 108 123 125 -1 
125 93 124 126 -1 
126 62 125 -1