0 2 -1 
1 2 -1 
2 0 1 6 -1 
3 5 -1 
4 5 -1 
5 3 4 6 -1 
6 2 5 14 -1 
7 9 -1 
8 9 -1 
9 7 8 13 -1 
10 12 -1 
11 12 -1 
12 10 11 13 -1 
13 9 12 14 -1 
14 6 13 30 -1 
15 17 -1 
16 17 -1 
17 15 16 21 -1 
18 20 -1 
19 20 -1 
20 18 19 21 -1 
21 17 20 29 -1 
22 24 -1 
23 24 -1 
24 22 23 28 -1 
25 27 -1 
26 27 -1 
27 25 26 28 -1 
28 24 27 29 -1 
29 21 28 30 -1 
30 14 29 62 -1 
31 33 -1 
32 33 -1 
33 31 32 37 -1 
34 36 -1 
35 36 -1 
36 34 35 37 -1 
37 33 36 45 -1 
38 40 -1 
39 40 -1 
40 38 39 44 -1 
41 43 -1 
42 43 -1 
43 41 42 44 -1 
44 40 43 45 -1 
45 37 44 61 -1 
46 48 -1 
47 48 -1 
48 46 47 52 -1 
49 51 -1 
50 51 -1 
51 49 50 52 -1 
52 48 51 60 -1 
53 55 -1 
54 55 -1 
55 53 54 59 -1 
56 58 -1 
57 58 -1 
58 56 57 59 -1 
59 55 58 60 -1 
60 52 59 61 -1 
61 45 60 62 -1 
62 30 61 -1