0 2 -1 
1 2 -1 
2 0 1 6 -1 
3 5 -1 
4 5 -1 
5 3 4 6 -1 
6 2 5 14 -1 
7 9 -1 
8 9 -1 
9 7 8 13 -1 
10 12 -1 
11 12 -1 
12 10 11 13 -1 
13 9 12 14 -1 
14 6 13 30 -1 
15 17 -1 
16 17 -1 
17 15 16 21 -1 
18 20 -1 
19 20 -1 
20 18 19 21 -1 
21 17 20 29 -1 
22 24 -1 
23 24 -1 
24 22 23 28 -1 
25 27 -1 
26 27 -1 
27 25 26 28 -1 
28 24 27 29 -1 
29 21 28 30 -1 
30 14 29 62 -1 
31 33 -1 
32 33 -1 
33 31 32 37 -1 
34 36 -1 
35 36 -1 
36 34 35 37 -1 
37 33 36 45 -1 
38 40 -1 
39 40 -1 
40 38 39 44 -1 
41 43 -1 
42 43 -1 
43 41 42 44 -1 
44 40 43 45 -1 
45 37 44 61 -1 
46 48 -1 
47 48 -1 
48 46 47 52 -1 
49 51 -1 
50 51 -1 
51 49 50 52 -1 
52 48 51 60 -1 
53 55 -1 
54 55 -1 
55 53 54 59 -1 
56 58 -1 
57 58 -1 
58 56 57 59 -1 
59 55 58 60 -1 
60 52 59 61 -1 
61 45 60 62 -1 
62 30 61 126 -1 
63 65 -1 
64 65 -1 
65 63 64 69 -1 
66 68 -1 
67 68 -1 
68 66 67 69 -1 
69 65 68 77 -1 
70 72 -1 
71 72 -1 
72 70 71 76 -1 
73 75 -1 
74 75 -1 
75 73 74 76 -1 
76 72 75 77 -1 
77 69 76 93 -1 
78 80 -1 
79 80 -1 
80 78 79 84 -1 
81 83 -1 
82 83 -1 
83 81 82 84 -1 
84 80 83 92 -1 
85 87 -1 
86 87 -1 
87 85 86 91 -1 
88 90 -1 
89 90 -1 
90 88 89 91 -1 
91 87 90 92 -1 
92 84 91 93 -1 
93 77 92 125 -1 
94 96 -1 
95 96 -1 
96 94 95 100 -1 
97 99 -1 
98 99 -1 
99 97 98 100 -1 
100 96 99 108 -1 
101 103 -1 
102 103 -1 
103 101 102 107 -1 
104 106 -1 
105 106 -1 
106 104 105 107 -1 
107 103 106 108 -1 
108 100 107 124 -1 
109 111 -1 
110 111 -1 
111 109 110 115 -1 
112 114 -1 
113 114 -1 
114 112 113 115 -1 
115 111 114 123 -1 
116 118 -1 
117 118 -1 
118 116 117 122 -1 
119 121 -1 
120 121 -1 
121 119 120 122 -1 
122 118 121 123 -1 
123 115 122 124 -1 
124 108 123 125 -1 
125 93 124 126 -1 
126 62 125 254 -1 
127 129 -1 
128 129 -1 
129 127 128 133 -1 
130 132 -1 
131 132 -1 
132 130 131 133 -1 
133 129 132 141 -1 
134 136 -1 
135 136 -1 
136 134 135 140 -1 
137 139 -1 
138 139 -1 
139 137 138 140 -1 
140 136 139 141 -1 
141 133 140 157 -1 
142 144 -1 
143 144 -1 
144 142 143 148 -1 
145 147 -1 
146 147 -1 
147 145 146 148 -1 
148 144 147 156 -1 
149 151 -1 
150 151 -1 
151 149 150 155 -1 
152 154 -1 
153 154 -1 
154 152 153 155 -1 
155 151 154 156 -1 
156 148 155 157 -1 
157 141 156 189 -1 
158 160 -1 
159 160 -1 
160 158 159 164 -1 
161 163 -1 
162 163 -1 
163 161 162 164 -1 
164 160 163 172 -1 
165 167 -1 
166 167 -1 
167 165 166 171 -1 
168 170 -1 
169 170 -1 
170 168 169 171 -1 
171 167 170 172 -1 
172 164 171 188 -1 
173 175 -1 
174 175 -1 
175 173 174 179 -1 
176 178 -1 
177 178 -1 
178 176 177 179 -1 
179 175 178 187 -1 
180 182 -1 
181 182 -1 
182 180 181 186 -1 
183 185 -1 
184 185 -1 
185 183 184 186 -1 
186 182 185 187 -1 
187 179 186 188 -1 
188 172 187 189 -1 
189 157 188 253 -1 
190 192 -1 
191 192 -1 
192 190 191 196 -1 
193 195 -1 
194 195 -1 
195 193 194 196 -1 
196 192 195 204 -1 
197 199 -1 
198 199 -1 
199 197 198 203 -1 
200 202 -1 
201 202 -1 
202 200 201 203 -1 
203 199 202 204 -1 
204 196 203 220 -1 
205 207 -1 
206 207 -1 
207 205 206 211 -1 
208 210 -1 
209 210 -1 
210 208 209 211 -1 
211 207 210 219 -1 
212 214 -1 
213 214 -1 
214 212 213 218 -1 
215 217 -1 
216 217 -1 
217 215 216 218 -1 
218 214 217 219 -1 
219 211 218 220 -1 
220 204 219 252 -1 
221 223 -1 
222 223 -1 
223 221 222 227 -1 
224 226 -1 
225 226 -1 
226 224 225 227 -1 
227 223 226 235 -1 
228 230 -1 
229 230 -1 
230 228 229 234 -1 
231 233 -1 
232 233 -1 
233 231 232 234 -1 
234 230 233 235 -1 
235 227 234 251 -1 
236 238 -1 
237 238 -1 
238 236 237 242 -1 
239 241 -1 
240 241 -1 
241 239 240 242 -1 
242 238 241 250 -1 
243 245 -1 
244 245 -1 
245 243 244 249 -1 
246 248 -1 
247 248 -1 
248 246 247 249 -1 
249 245 248 250 -1 
250 242 249 251 -1 
251 235 250 252 -1 
252 220 251 253 -1 
253 189 252 254 -1 
254 253 126 -1